/**:
  ros__parameters:
    mock_mode: false
    port: /dev/ttyUSB0
    baudrate: 1000000
    protocol_version: 2.0
    state_publish_rate_hz: 20.0
    diagnostics_publish_rate_hz: 20.0
    command_write_rate_hz: 50.0
    joint_names:
    - lower_pitch
    - upper_yaw
    - upper_pitch
    - lower_yaw
    joints:
      lower_pitch:
        id: 1
        model: XM430-W350-R
        raw_min: 1
        raw_home: 2048
        raw_max: 4095
        min_angle_deg: 0.08791208791208792
        home_angle_deg: 180.04395604395606
        max_angle_deg: 360.0
      upper_yaw:
        id: 2
        model: XM430-W350-R
        raw_min: 1
        raw_home: 2048
        raw_max: 4095
        min_angle_deg: 0.08791208791208792
        home_angle_deg: 180.04395604395606
        max_angle_deg: 360.0
      upper_pitch:
        id: 3
        model: XM430-W350-R
        raw_min: 1
        raw_home: 2048
        raw_max: 4095
        min_angle_deg: 0.08791208791208792
        home_angle_deg: 180.04395604395606
        max_angle_deg: 360.0
      lower_yaw:
        id: 4
        model: XM430-W350-R
        raw_min: 0
        raw_home: 2048
        raw_max: 4095
        min_angle_deg: 0.0
        home_angle_deg: 180.04395604395606
        max_angle_deg: 360.0
